IDX,X,Y,TYPE,SPEED,DirType,Direction // Сгенерировано 2015-10-31 00:28:23 http://mapcam.info
0,69.4232340,53.2864312,101,40,1,313
0,69.3510230,53.2876310,102,20,1,140
0,69.3871507,53.3141808,102,20,1,171
0,73.1429654,49.7841251,101,50,1,316
0,73.1447510,49.7829613,1,50,1,315
0,73.1534090,49.8174546,101,50,1,44
0,73.0645040,49.8062196,1,40,1,285
0,71.4327408,51.1225091,1,60,1,283
0,73.1290110,49.8221330,5,40,1,62
0,69.1471700,54.9022114,101,40,1,358
0,69.1049373,54.8504443,101,40,1,149
0,69.2155570,54.9083158,104,40,1,287
0,69.2164153,54.9061878,104,40,1,129
0,69.1182679,54.8421512,101,40,1,143
0,69.1135150,54.8438625,101,40,1,303
0,69.1642034,54.8781869,104,40,1,3
0,69.1732639,54.8802083,103,20,1,270
0,69.1618431,54.8760079,104,40,1,228
0,69.1520208,54.8899499,3,60,2,2
0,69.1542750,54.9098960,101,40,1,5
0,69.1537340,54.9029790,101,40,1,184
0,69.1179889,54.8807236,101,40,1,103
0,69.1032153,54.8833467,101,40,1,318
0,69.0995783,54.8857135,101,40,1,138
0,69.1261858,54.8603444,3,60,2,48
0,69.1413832,54.8684393,1,60,2,136
0,69.1413617,54.8684424,1,60,2,48
0,69.0957910,54.8880367,101,40,1,317
0,69.0185130,54.9716490,101,60,1,6
0,69.0164400,54.9495650,101,60,1,179
0,70.4278296,54.9191636,101,70,1,268
0,70.4831207,54.9177577,101,70,1,90
0,71.3909656,51.1286653,5,60,2,283
0,71.3273000,51.1423560,1,60,2,51
0,71.4955473,51.1313956,3,60,2,335
0,71.4365339,51.1616294,101,30,1,79
0,69.1498697,54.8675811,103,20,1,317
0,69.1421556,54.8947596,1,60,2,179
0,73.1900007,49.8525771,5,40,2,9
0,73.2107234,49.8936599,3,40,2,3
0,69.4329071,53.2719567,1,60,2,129
0,69.3671393,53.2721941,1,60,2,80
0,69.2598886,53.3413827,101,40,1,3
0,69.2595237,53.3372797,101,40,1,183
0,69.2647541,53.3184476,101,40,1,293
0,69.2675919,53.3177394,101,40,1,112
0,69.1247535,54.9556386,104,60,1,23
0,69.1249520,54.9544373,104,60,1,168
0,69.1394949,54.8739925,3,60,2,318
0,69.1394842,54.8739925,3,60,2,47
0,69.1357130,54.8718626,1,60,1,319
0,69.1356915,54.8720324,1,60,1,139
0,71.6379029,51.1234720,1,70,1,287
0,71.4448321,51.1206269,1,60,1,285
0,71.5512550,51.1362640,1,60,1,88
0,71.4541760,51.1038660,1,60,1,310
0,71.4567230,51.1025330,1,60,1,131
0,71.3675250,51.1316820,1,60,2,280
0,71.3872030,51.1701780,1,60,1,123
0,71.5161896,51.1610521,1,60,1,303
0,71.4450600,51.1430080,1,60,1,357
0,71.4994340,51.1676480,1,60,1,121
0,71.5172580,51.1609170,1,60,1,120
0,71.6382980,51.1235540,1,70,1,107
0,71.6603430,51.1181710,1,70,1,116
0,71.4096576,51.1631176,3,60,1,259
0,71.4274728,51.1654657,3,60,1,171
0,71.4272475,51.1654590,3,60,1,350
0,71.4272422,51.1654421,3,60,1,259
0,71.4367425,51.1785359,3,60,1,260
0,71.4229989,51.1473644,5,60,1,205
0,71.4301497,51.1034950,101,40,1,200
0,71.4301014,51.1050512,101,40,1,20
0,71.4666331,51.1367359,3,60,1,335
0,71.4667028,51.1366618,3,60,1,247
0,71.4118838,51.1183473,3,60,1,187
0,71.4117604,51.1183708,3,60,1,5
0,71.4115191,51.1161955,3,60,1,104
0,71.4112991,51.1161046,3,60,1,283
0,71.4114708,51.1160709,3,60,1,186
0,74.9743938,46.8341413,101,30,1,285
0,74.9725056,46.8588191,101,40,1,185
0,71.4539784,51.1193473,3,60,1,104
0,71.4542305,51.1191217,3,60,1,285
0,71.4540213,51.1192463,3,60,1,17
0,71.3685125,51.1480307,3,60,1,113
0,71.3681692,51.1479399,3,60,1,295
0,71.3684106,51.1478827,3,60,1,200
0,71.3682497,51.1481048,3,60,1,22
0,69.1978630,54.4141600,103,30,1,24
0,69.1796570,54.5679660,103,30,1,343
0,69.1921250,54.4060730,103,30,1,204
0,69.1584990,54.0447770,103,30,1,182
0,71.4332557,51.1129929,3,60,0,0
0,71.4139545,51.0593040,3,60,0,0
0,73.3267558,50.0522824,101,50,1,200
0,73.3475502,50.1820515,101,50,1,165
0,73.3277965,50.0551343,101,50,1,23
0,73.3444000,50.1862000,101,50,1,335
0,73.0979848,49.8163401,5,40,1,246
0,71.5038300,51.1476370,3,60,1,29
0,71.5040070,51.1476135,3,60,1,300
0,71.5040231,51.1476673,3,60,1,220
0,69.4042826,53.2939709,101,40,1,160
0,69.3805879,53.2895426,101,10,1,260
0,69.4200883,53.2881718,101,40,1,276
0,69.3713156,53.2863365,101,40,1,261
0,69.3646669,53.2833991,101,40,1,261
0,71.4451593,51.1415894,3,60,1,357
0,71.4451486,51.1416399,3,60,1,88
0,71.4098776,51.1631574,3,60,1,78
0,71.4098078,51.1633901,3,60,1,169
0,71.4105320,51.1416062,1,60,1,194
0,71.4248657,51.1348576,1,60,1,285
0,71.4077640,51.1342787,3,60,1,284
0,71.3164455,51.1961711,5,60,2,127
0,71.3331395,51.1915284,5,60,2,111
0,71.4072919,51.1343729,3,60,1,102
0,71.4075816,51.1343864,3,60,2,14
0,71.4343715,51.1331274,3,60,1,12
0,71.4344573,51.1333294,3,60,1,103
0,71.4344251,51.1332015,3,60,1,286
0,71.4344144,51.1332150,3,60,1,194
0,71.4601690,51.1270594,3,60,1,113
0,71.4607912,51.1268422,2,60,1,304
0,71.4366138,51.1786603,3,60,1,339
0,71.4366675,51.1785696,3,60,1,167
0,71.4365118,51.1786771,3,60,1,74
0,71.4496359,51.1533104,1,60,1,239
0,71.4861757,51.1764844,5,60,1,210
0,69.3837529,53.2986455,101,40,1,351
0,71.4482868,51.1309528,1,60,1,284
0,71.4704096,51.1490134,3,60,1,269
0,71.4753073,51.1652672,3,60,1,227
0,71.4578408,51.1442078,102,30,2,61
0,71.4702755,51.1489562,3,60,1,72
0,71.4703023,51.1489864,3,60,2,154
0,71.4667511,51.1367864,3,60,1,65
0,71.4668906,51.1367157,3,60,1,154
0,71.4749372,51.1652538,3,60,1,37
0,71.4749587,51.1653009,3,60,1,115
0,73.9512138,51.0367111,103,60,1,30
0,71.4828068,51.1493936,3,60,1,244
0,71.4274728,51.1654892,3,60,1,78
0,71.4717561,51.1633498,3,60,2,48
0,71.4718795,51.1633228,3,60,1,302
0,71.4458674,51.1616778,105,60,1,260
0,71.4458943,51.1617249,105,60,1,352
0,71.4295381,51.0496973,1,70,1,135
0,71.4298385,51.0494005,1,70,1,315
0,67.6658678,47.8018847,5,60,1,309
0,67.6909277,47.8069381,5,60,1,129
0,67.7032042,47.8045799,1,60,2,92
0,67.6692796,47.7990813,1,60,2,142
0,67.7028609,47.7941732,106,60,2,271
0,71.3896380,51.0537660,1,80,1,186
0,71.4097177,51.1628385,3,60,1,350
0,71.4273946,51.1657094,3,60,1,171
0,71.4123460,51.1212040,1,60,1,5
0,71.4118990,51.1184100,3,40,1,103
0,71.4114000,51.1161830,3,60,1,4
0,68.3509362,54.3154593,5,40,1,102
0,71.3451505,51.1885429,1,60,2,112
0,71.3988429,51.1681466,1,60,2,83
0,71.3775408,51.1804191,1,60,1,293
0,71.3778412,51.1806074,1,60,1,113
0,71.3402259,51.1792286,102,30,2,134
0,71.3438147,51.1867743,102,20,2,33
0,69.4005597,53.2755255,1,40,1,81
0,71.4599061,51.1181957,1,60,1,285
0,69.3376458,53.2933616,1,60,1,100
0,69.3551338,53.2851653,106,50,1,109
0,73.1352890,49.7859539,5,40,2,43
0,73.1801140,49.9491541,101,50,1,98
0,73.1959417,49.9477543,101,50,1,278
0,73.1582755,49.7868371,5,40,1,315
0,73.0258656,49.8068967,5,60,1,256
0,73.1132627,49.8208355,5,40,1,246
0,73.1533349,49.7774086,3,50,2,140
0,73.1534475,49.7773913,3,40,2,45
0,73.1185091,49.7785206,3,60,2,50
0,73.1420159,49.7848109,3,60,2,40
0,73.1587100,49.8205420,5,60,1,180
0,69.4197034,53.2882775,101,40,1,100
0,73.1377566,49.7877618,101,40,1,137
0,73.1420427,49.7848628,3,60,2,314
0,73.1186271,49.7786869,1,40,2,133
0,73.1400150,49.8145194,3,60,2,163
0,73.1059134,49.8065781,3,60,0,0
0,73.1165028,49.7800933,101,40,1,333
0,73.1162345,49.7805921,101,40,1,150
0,72.6852036,50.4514108,5,60,0,0
0,72.7335262,50.3188330,5,60,0,0
0,72.8891802,50.2196163,5,60,0,0
0,73.1059939,49.8066335,3,40,1,40
0,73.1104571,49.8101024,101,40,1,40
0,73.0297709,49.8076929,5,40,1,74
0,73.0194712,49.8632946,101,40,1,244
0,73.0450916,49.8715999,101,40,1,48
0,73.1000394,49.8048921,1,60,2,245
0,72.9701883,50.0504465,1,40,1,287
0,72.9769421,50.0499057,2,40,0,0
0,72.9764915,50.0496886,2,40,0,0
0,73.0887794,49.8016272,3,60,0,0
0,73.2164580,49.9741785,101,40,1,130
0,73.2196820,49.9724258,101,40,1,128
0,73.1822920,49.9489417,101,50,1,272
0,73.2125044,49.9432528,101,60,1,168
0,73.2409787,49.9459660,5,60,2,20
0,73.2598561,49.9724086,5,60,2,208
0,73.2154387,49.9566146,104,40,1,206
0,73.2169676,49.9568769,104,40,1,28
0,69.3901449,53.3015870,101,50,1,29
0,69.3931490,53.3038056,101,50,1,42
0,69.3955605,53.3054216,101,50,1,40
0,69.4034200,53.2757795,101,40,1,81
0,69.3998464,53.2754648,101,40,1,261
0,69.3924007,53.3109109,102,30,1,270
0,69.3902013,53.3109161,102,30,1,90
0,69.3712288,53.2863262,5,40,2,261
0,69.3843088,53.2965712,101,40,1,171
0,69.3946085,53.2802640,102,20,1,351
0,69.3944470,53.2808652,102,20,1,171
0,69.4014167,53.2824879,102,30,2,81
0,69.3879257,53.2836429,3,60,2,81
0,69.3789062,53.2847901,101,30,1,260
0,69.4000688,53.2754805,1,40,1,260
0,69.3902358,53.2745263,3,60,2,81
0,69.3902332,53.2745070,3,60,2,171
0,69.3879265,53.2836419,3,60,2,171
0,69.3989193,53.3018525,1,40,1,332
0,69.3904485,53.3019252,3,50,2,213
0,69.3748695,53.2867015,101,40,1,80
0,69.3721282,53.2841053,101,40,1,260
0,69.3712083,53.2840220,101,40,1,80
0,69.3863600,53.2879072,3,60,1,79
0,69.3870065,53.2879777,3,60,1,260
0,69.3867704,53.2878029,3,60,1,349
0,69.3866926,53.2880612,3,60,1,170
0,69.4036993,53.2949304,101,40,1,339
0,69.3911429,53.3024364,101,50,1,220
0,69.3894390,53.3006424,101,50,1,204
0,69.3878496,53.2985606,101,50,1,205
0,69.3854489,53.2955051,101,50,1,205
0,73.0574620,49.9310959,101,80,1,11
0,73.2007778,49.9472918,101,40,1,277
0,73.2140923,49.9722015,101,40,1,219
0,73.2132339,49.9761760,101,40,1,218
0,73.2044846,49.9648487,102,20,2,37
0,73.2087922,49.9453241,101,40,1,130
0,73.0400705,49.8951320,1,60,2,171
0,73.0566519,49.8571805,101,40,1,197
0,73.0690062,49.8296437,1,60,2,155
0,73.0806041,49.8086657,5,40,1,156
0,73.0567110,49.8582214,5,40,1,12
0,71.3589378,51.1851583,1,60,1,290
0,71.3582950,51.1853710,1,60,1,110
0,71.5204660,51.1414220,1,60,1,120
0,71.4165504,51.0670284,1,60,1,13
0,71.3801950,51.1474500,1,60,1,252
0,71.3795660,51.1474960,1,60,1,69
0,71.4484499,51.1530569,1,60,1,58
0,71.4164736,51.0657418,1,60,1,195
0,71.4292753,51.1526576,1,60,1,42
0,71.4277464,51.1513386,1,60,1,223
0,67.5586706,47.8759041,101,70,1,140
0,67.5567555,47.8775736,101,50,1,329
0,67.5563961,47.8779047,101,70,1,326
0,67.5207173,47.9031239,102,40,2,15
0,67.5204706,47.9025558,102,20,2,13
0,67.5197571,47.9005921,101,40,1,286
0,71.3779378,51.1805670,1,60,1,113
0,73.1003907,49.7905480,101,50,1,132
0,72.9668838,50.0518484,5,40,0,0
0,73.0820739,49.7900961,101,40,1,132
0,69.1497302,54.8696205,102,20,2,48
0,69.1578841,54.8626774,102,10,2,137
0,69.1651070,54.8653220,101,40,1,311
0,73.1571866,49.7825942,5,40,2,5
0,73.1357396,49.7888701,101,40,1,300
0,73.1630874,49.7933998,101,40,1,135
0,73.0868322,49.7998232,101,40,1,158
0,73.0872989,49.7989992,101,40,1,339
0,73.1521010,49.7906571,101,40,1,314
0,73.1568968,49.7877272,101,40,1,134
0,73.0773962,49.8131348,101,40,1,338
0,73.0906034,49.7957096,101,40,1,132
0,72.6684934,49.6261132,104,50,2,173
0,73.1588227,49.7863210,101,40,1,45
0,71.4190292,51.1413403,1,60,2,203
0,71.5229005,51.1403744,1,60,1,302
0,71.4637470,51.1284144,1,60,2,285
0,71.4119911,51.1478019,1,60,1,7
0,71.4100385,51.1410643,1,60,1,15
0,72.9903987,50.0539236,101,50,1,212
0,72.9837469,50.0101609,5,70,1,148
0,72.9826337,50.0571216,101,40,1,56
0,72.0258522,52.4538911,5,40,0,0
0,73.0826211,49.7983863,101,40,1,68
0,73.1240773,49.7824556,101,40,1,38
0,73.1202793,49.7795182,101,40,1,228
0,71.4004120,51.0994810,1,60,1,103
0,71.3903250,51.0876300,1,60,1,13
0,71.3907090,51.0879010,1,60,1,193
0,73.0967832,49.8132040,102,10,2,65
0,73.0910325,49.8143117,101,40,1,243
0,73.0924487,49.8061142,101,40,1,156
0,73.0863333,49.7744883,101,40,1,57
0,73.0770099,49.7693262,101,40,1,225
0,73.0611420,49.7922640,101,40,1,230
0,73.0556917,49.7877479,101,40,1,340
0,73.0828679,49.7944041,102,10,2,60
0,73.0769134,49.7927904,101,40,1,312
0,73.0729651,49.7808068,101,40,1,180
0,73.0764520,49.7834809,101,40,1,40
0,73.0832863,49.7785206,101,40,1,45
0,73.0737591,49.7791026,101,40,1,310
0,73.2322240,49.9251803,5,50,1,253
0,73.1920445,49.8382316,5,40,1,115
0,73.1910521,49.8384184,5,40,1,295
0,73.1569505,49.7800171,101,40,1,218
0,73.0017471,50.0589228,102,20,2,120
0,72.9935074,50.0594463,102,20,2,120
0,73.0007386,50.0548622,102,20,2,27
0,73.0349126,49.8163816,104,60,1,11
0,73.0338478,49.8152636,104,60,1,240
0,73.0888116,49.8310503,104,60,1,300
0,73.0365112,49.8204330,104,60,1,190
0,73.0888110,49.8310520,104,60,1,150
0,73.0821276,49.8329240,105,60,0,0
0,73.0400383,49.8226047,104,60,1,90
0,73.0695963,49.7812225,101,40,1,127
0,73.2004355,49.8896818,101,40,1,359
0,72.9824674,49.7980746,5,50,1,63
0,73.0793810,49.9110118,5,40,2,157
0,73.2053643,49.9466669,101,40,1,300
0,71.4450606,51.1466868,1,60,1,178
0,73.1200606,49.8228580,101,40,1,235
0,73.1402201,49.8136408,5,60,1,73
0,73.1380958,49.8184798,101,40,1,345
0,71.4324113,51.1546316,5,60,1,225
0,73.1092031,49.8196400,101,40,1,20
0,73.1086251,49.8159901,5,40,1,155
0,73.0906931,49.8085636,5,40,2,335
0,73.1074274,49.7865175,101,40,1,310
0,73.0930508,49.7953970,101,50,1,325
0,73.0983937,49.7914908,101,50,1,130
0,73.1062258,49.8063107,101,40,1,333
0,73.1119335,49.8032363,101,40,1,135
0,73.1064940,49.8167096,101,40,1,290
0,73.1076596,49.8169900,101,40,1,140
0,72.8363375,49.8043895,102,30,2,56
0,72.8302408,49.8018066,102,30,2,60
0,72.9761387,50.0466303,5,40,2,0
0,67.7030095,47.7978108,102,20,2,0
0,67.7053698,47.7974252,102,30,2,90
0,67.7031221,47.7974540,102,20,1,271
0,67.7226647,47.8072548,102,30,1,87
0,67.7199181,47.8072836,102,30,1,90
0,67.7172359,47.8066062,102,40,1,80
0,67.7157446,47.8066423,101,40,1,84
0,69.1230770,54.9124410,101,20,1,269
0,71.4174251,51.1633095,102,40,2,170
0,71.4212580,51.1629058,102,30,2,79
0,72.9862286,50.0632771,1,50,1,104
0,72.9685582,50.0611713,1,50,1,10
0,72.9861320,50.0630326,1,50,1,282
0,71.5035541,51.1477078,1,60,1,114
0,71.4110821,51.1757617,1,60,2,261
0,71.4108381,51.1432943,5,60,1,16
0,72.9620892,50.0514360,106,40,1,100
0,72.9792125,50.0495898,101,40,1,100
0,72.9324777,50.0672506,101,50,1,295
0,71.3994248,51.1755411,1,40,1,105
0,73.1651205,49.7920752,5,40,1,315
0,73.0596429,49.8429600,5,60,2,155
0,72.9655166,50.0586521,5,40,1,280
0,69.1276230,54.9121150,101,20,1,147
0,73.1954395,49.8721005,101,40,1,191
0,73.1960269,49.8747142,101,40,1,11
0,73.1989183,49.8846732,101,40,1,11
0,73.1984295,49.8820549,101,40,1,191
0,71.4453871,51.1206707,1,60,1,104
0,73.0030909,49.9903736,1,90,2,148
0,73.0569148,49.9358506,1,60,1,328
0,73.0579797,49.9337340,1,60,1,188
0,73.0569658,49.9017821,103,20,1,63
0,73.0953080,49.8481168,103,40,2,35
0,73.1568164,49.7973042,5,60,1,319
0,73.0573721,49.8460907,1,60,2,156
0,73.0715797,49.8261131,5,60,2,157
0,73.0544163,49.8521298,5,40,1,168
0,73.0530644,49.8248811,5,60,2,65
0,71.4722253,51.1825344,102,40,2,32
0,71.4453264,51.1416352,3,60,1,185
0,71.5074758,51.1513894,1,60,1,30
0,71.4821800,51.1411000,1,60,2,67
0,71.4792500,51.1640402,1,60,1,298
0,71.4870704,51.1610194,1,60,2,122
0,71.4963258,51.1451300,1,60,1,245
0,71.4977466,51.1455327,1,60,1,64
0,72.9753105,50.0500414,101,50,1,99
0,71.4472560,51.1739464,102,30,2,79
0,71.3676722,51.2027034,102,30,2,38
0,71.3644160,51.2003884,102,20,2,126
0,71.3864890,51.2023610,102,30,2,118
0,71.4879344,51.1562009,102,10,2,32
0,71.4893345,51.1576729,102,30,2,30
0,73.1313689,49.7917039,1,60,1,316
0,69.1211167,54.8592902,102,20,1,47
0,69.1209236,54.8591760,102,20,1,231
0,69.1148699,54.8543110,1,60,2,227
0,69.1147787,54.8543651,1,60,1,52
0,69.1323471,54.8565236,102,20,1,137
0,69.1318509,54.8568169,102,20,1,318
0,69.1500580,54.8764700,101,40,1,0
0,69.1494380,54.8727550,101,40,1,228
0,69.1441328,54.8785818,1,40,2,187
0,71.5046875,51.1485334,1,60,1,30
0,72.7256686,50.0880990,103,60,0,0
0,72.8363044,50.0819308,104,40,1,297
0,71.4756279,51.1979344,1,60,1,58
0,71.4762609,51.1980991,1,60,1,236
0,72.9713241,50.0228417,5,50,2,328
0,72.9920227,50.0467857,5,60,1,299
0,72.9344732,50.0600362,103,40,1,147
0,72.9373539,50.0573292,103,40,1,326
0,72.8951078,50.1086451,102,40,2,104
0,72.9632480,50.0653222,102,40,1,247
0,72.9623596,50.0376961,5,40,1,6
0,72.9646395,50.0656359,102,40,1,99
0,72.9678528,50.0559020,102,40,1,191
0,72.9671688,50.0560862,102,40,1,8
0,72.9490398,50.0496625,101,50,1,244
0,72.9616193,50.0588398,101,40,1,84
0,72.9612921,50.0584799,101,40,1,274
0,72.9507725,50.0547114,102,40,2,318
0,72.9558392,50.0632813,5,40,1,65
0,72.9900829,50.0652889,101,40,1,189
0,72.9910136,50.0385138,101,50,1,225
0,72.9875751,50.0506260,102,20,2,30
0,72.9860382,50.0632391,5,50,1,101
0,72.9642613,50.0452523,5,40,1,8
0,72.9638911,50.0444668,101,40,1,14
0,72.9644195,50.0430561,101,40,1,192
0,72.9718761,50.0579520,5,40,1,282
0,72.9947688,50.0500672,102,40,2,119
0,72.9780666,50.0543150,101,40,1,191
0,72.9712350,50.0647268,101,40,1,281
0,72.9808910,50.0636559,5,60,1,281
0,72.9426078,50.0451584,102,40,2,31
0,72.9764090,50.0490347,101,40,1,9
0,72.9861133,50.0488460,5,40,1,279
0,72.9867569,50.0581863,5,40,2,277
0,72.9933391,50.0408382,101,50,1,15
0,72.9992453,50.0531224,101,40,1,209
0,67.6921587,47.7799979,101,40,1,51
0,67.6932531,47.7805819,101,40,1,231
0,67.7089065,47.7885477,101,30,1,219
0,67.7100303,47.7896857,101,40,1,213
0,73.1469217,49.7816156,1,50,2,135
0,73.1304315,49.7826617,3,60,2,43
0,73.0748346,49.8213674,3,60,2,155
0,73.1013885,49.7899073,1,60,1,132
0,73.1103471,49.7851971,1,40,2,129
0,73.1010666,49.7899939,1,50,1,311
0,73.1097717,49.8057076,102,20,2,36
0,73.1092165,49.8053008,102,20,2,38
0,71.4422242,51.1366160,1,60,1,25
0,71.4425353,51.1366664,1,60,1,200
0,71.4048932,51.1657193,102,30,2,78
0,72.9799608,50.0623056,101,40,1,12
0,73.0357924,49.8090361,1,40,1,72
0,73.1805378,49.8357439,101,40,1,45
0,73.1760693,49.8326679,101,40,1,44
0,73.1686449,49.8277785,1,60,1,46
0,73.1693208,49.8279169,1,60,1,224
0,72.8207248,49.7977682,102,0,1,237
0,72.8222832,49.7983759,5,40,1,56
0,72.8508165,49.7984642,5,0,1,112
0,72.8628302,49.7952352,101,40,1,293
0,72.8259122,49.8001799,101,40,1,237
0,71.4140269,51.1746822,102,30,2,170
0,71.4538872,51.1301314,1,60,1,103
0,71.4389473,51.1324777,1,60,1,285
0,71.4252842,51.1349047,1,60,1,105
0,71.4664989,51.1567389,1,60,2,167
0,71.4648360,51.1590369,1,60,1,244
0,71.4316356,51.1540741,1,60,1,130
0,71.4312065,51.1541751,1,60,1,337
0,71.4199962,51.1827167,102,30,2,170
0,71.4289856,51.1778044,1,60,2,259
0,72.8343210,49.7986529,5,40,2,57
0,72.8349204,49.7988494,101,40,1,237
0,72.8274773,49.7955468,101,40,1,56
0,71.5717301,51.1348829,1,70,2,285
0,72.2233486,50.7884660,5,60,2,320
0,73.0838254,49.8083351,1,60,2,336
0,71.4060970,51.0991405,1,60,1,15
0,71.4110282,51.1587273,1,60,1,350
0,71.4326468,51.1550095,1,60,1,41
0,71.4336312,51.1556926,1,60,1,222
0,71.4191446,51.1417863,1,60,1,23
0,71.4118786,51.1564597,1,60,1,173
0,74.2107580,55.8435545,1,50,2,60
0,73.3969750,54.9848786,3,60,1,264
0,73.3969387,54.9849894,3,60,1,85
0,74.5790594,55.0624150,103,20,1,180
0,73.2339700,55.0285417,102,20,1,290
0,73.2350720,55.0285387,102,20,1,90
0,73.2571520,55.0360525,101,40,1,66
0,73.2500608,55.0341865,101,40,1,260
0,73.3501280,54.9492126,102,20,1,173
0,73.3499560,54.9498811,102,20,1,359
0,73.4463125,54.9611181,102,20,2,103
0,73.4523207,54.9897324,1,60,2,88
0,73.3917725,54.9863129,102,10,2,353
0,73.5982680,54.9311252,102,10,2,292
0,73.5877200,54.9318060,102,10,2,260
0,73.5821728,54.9312565,102,10,2,259
0,73.5769740,54.9307557,102,10,2,260
0,73.5712400,54.9301650,102,10,2,261
0,73.5659760,54.9296660,102,10,2,262
0,73.3045900,54.8953334,1,60,2,10
0,73.3958012,55.0047253,106,40,1,300
0,73.2619804,55.0331791,102,20,2,66
0,73.2829928,55.0366605,102,20,2,88
0,73.4021844,54.9563488,103,20,2,338
0,73.5721672,55.0081912,5,60,1,263
0,73.8422296,55.0285972,105,90,0,240
0,73.3868265,54.9576654,1,60,1,354
0,73.3345824,54.9343912,1,60,1,207
0,73.3500480,55.0024966,1,60,1,325
0,73.4040248,54.9906033,1,60,2,84
0,74.3336302,56.9028190,101,20,1,248
0,73.4491557,54.9985366,104,40,1,69
0,72.9461825,56.0546745,106,10,2,33
0,74.7034907,54.1635803,102,10,2,150
0,74.6772695,54.1644364,101,30,1,240
0,73.3028144,54.9922160,102,20,1,41
0,73.3018863,54.9916036,102,20,1,221
0,72.8696108,54.9783895,5,90,1,305
0,73.3485353,54.9668802,101,40,1,235
0,73.3439917,54.9874517,1,60,1,236
0,73.2250356,54.9717517,1,60,2,210
0,73.3085167,55.0322804,1,60,1,15
0,73.4170657,55.0310168,1,60,1,36
0,73.3794558,54.9555339,1,60,2,359
0,73.3321041,54.9327978,106,40,2,114
0,73.3107269,54.9755202,1,60,1,239
0,72.7618825,55.8801616,103,80,0,155
0,73.4480023,54.9894861,5,60,1,267
0,73.3307952,54.9818016,101,40,1,241
0,73.3593714,54.9948102,5,60,1,148
0,73.3046275,55.0218814,5,60,1,305
0,73.4114599,54.8875926,5,60,1,67
0,73.3830124,54.9704922,3,60,1,82
0,73.3646393,54.9959211,3,60,1,90
0,73.2775320,54.9808150,1,60,2,130
0,73.1356420,55.0154250,5,60,1,102
0,73.4055912,55.0121071,105,60,2,170
0,73.0635881,55.0717704,5,90,2,165
0,73.2604676,55.0443273,103,30,2,168
0,73.2726609,55.0456274,105,60,1,335
0,73.1262070,54.5757557,103,80,1,194
0,73.2707754,54.8400955,103,60,1,220
0,73.3540821,54.9038655,102,10,2,15
0,73.3767200,54.9939147,3,60,1,31
0,73.3805180,54.9828470,3,60,1,179
0,73.3969331,54.9850756,3,60,1,175
0,73.3922070,54.9844784,3,60,1,352
0,72.1975618,55.8944851,5,60,1,285
0,73.3649236,54.9988351,3,60,1,181
0,73.3648163,54.9948902,3,60,1,181
0,73.1729043,55.0102645,1,60,2,106
0,73.3870304,54.9820898,3,60,1,83
0,73.3387828,55.0106460,5,60,1,128
0,73.3645964,55.0090525,3,60,1,90
0,73.3627510,55.0091018,3,60,1,269
0,73.3865315,54.9842691,3,60,1,83
0,74.6127052,55.0032922,101,80,1,71
0,74.6004479,55.0019179,101,60,1,262
0,74.6120404,55.0031522,101,60,1,70
0,73.4093531,54.9930608,101,40,1,122
0,73.4375257,54.9322616,105,40,1,128
0,73.3686250,54.9959827,3,60,1,90
0,73.4667456,54.9097714,101,40,1,143
0,73.4547722,54.9203814,103,30,2,140
0,73.3723909,54.9944040,3,60,1,6
0,73.3726001,54.9958011,3,60,1,5
0,73.3712590,54.9911481,3,60,1,95
0,73.3727503,54.9968904,3,60,1,4
0,73.3729756,54.9988751,3,60,1,4
0,73.3687142,54.9946183,3,60,1,273
0,73.3731151,55.0002105,3,60,1,5
0,73.5227662,54.9253077,103,40,2,95
0,73.3765805,54.9724413,101,40,1,79
0,73.3667797,54.9704275,101,40,1,252
0,73.3987516,54.9739161,3,60,1,172
0,73.3989662,54.9736205,3,60,1,352
0,73.4137022,54.9610842,101,40,1,357
0,73.3952057,54.9712712,1,60,1,265
0,73.2988822,54.8728195,5,60,1,197
0,73.2936198,54.8633269,5,60,1,18
0,72.6951653,54.9905910,101,70,1,89
0,73.4126991,54.9471761,102,20,2,147
0,73.4088958,54.9951826,1,40,2,172
0,73.5440844,54.6380382,5,90,1,329
0,73.3871698,54.9730358,3,60,1,265
0,73.3871483,54.9731903,3,60,1,85
0,73.3821058,54.9727088,3,60,1,265
0,73.3824384,54.9727087,3,60,1,173
0,73.3822560,54.9729186,3,60,1,353
0,71.9039726,54.9474750,5,60,2,88
0,73.4001034,55.0257621,102,20,2,272
0,73.4173876,55.0291721,102,20,2,125
0,73.2566804,55.0359142,102,20,2,245
0,73.4160975,54.9515123,5,40,1,187
0,73.4108859,55.0195687,102,20,2,96
0,73.2935822,55.0853682,103,60,1,330
0,71.9260740,54.8916653,103,30,2,13
0,71.9883871,54.7418166,103,40,2,21
0,71.9591618,54.9130154,104,20,0,0
0,71.8868119,54.8994948,103,20,1,233
0,73.3871376,54.9731094,3,60,2,175
0,73.2935876,55.0047887,102,20,1,129
0,73.2930887,55.0049671,102,20,1,309
0,73.3181459,54.9192376,101,40,1,192
0,73.4428418,54.9277430,1,40,1,145
0,73.3989286,54.9737467,3,60,2,253
0,72.6927352,55.5824200,5,60,2,124
0,73.3044237,55.0451510,102,20,2,15
0,73.3759958,54.9146682,5,60,2,138
0,73.3062369,55.0491985,102,10,2,15
0,73.4458137,55.0338883,102,20,2,94
0,73.3892351,54.9731895,3,60,2,173
0,73.2612991,55.1633030,101,60,1,28
0,73.2728863,55.1879133,101,60,1,13
0,73.2673931,55.1712134,101,60,1,200
0,73.4382713,55.0342977,101,40,1,275
0,73.3830124,54.9704460,3,60,1,165
0,73.3824867,54.9728754,3,60,1,81
0,74.0618956,54.9695684,5,90,0,18
0,73.1221000,55.0171000,101,60,1,105
0,73.1224000,55.0170000,5,60,1,285
0,73.6927540,54.7052872,5,60,2,134
0,73.4029520,54.8534955,103,30,2,2
0,73.3936211,54.9734427,1,60,2,266
0,73.2619750,55.1640032,101,60,1,208
0,73.1573207,55.0383716,5,20,1,210
0,73.2992899,54.9714960,5,60,1,244
0,73.4167761,54.9801288,102,10,2,85
0,73.0274642,54.9502601,5,20,2,174
0,73.0397487,54.9444248,101,50,1,180
0,73.2968062,54.9708771,5,60,1,53
0,73.3397645,55.0101630,5,60,1,301
0,73.2544702,55.1551210,101,60,1,23
0,73.2665992,55.1701642,5,60,2,20
0,73.3793217,54.9676962,5,60,1,180
0,71.4978218,55.9849032,5,50,1,270
0,73.3319807,55.0444318,101,40,1,340
0,73.2551086,55.0288646,5,40,1,90
0,73.3501017,54.9582938,5,60,2,180
0,73.2000590,55.0025274,5,60,1,310
0,75.3011084,56.9397070,5,40,1,311
0,75.3143532,56.9428002,5,40,1,231
0,75.3083986,56.9451995,102,20,2,115
0,73.3178508,54.9574621,101,40,1,44
0,73.3536315,54.9983705,102,10,2,146
0,73.3336437,55.0425569,101,40,1,336
0,73.3351994,55.0409586,101,40,1,152
0,74.3864310,56.8886350,101,40,1,148
0,74.3937889,56.8819617,102,30,2,328
0,74.3840160,56.8908010,101,40,1,327
0,72.6370056,54.9649646,102,30,2,84
0,72.6414990,54.9652020,102,30,2,83
0,72.6445940,54.9640912,102,30,2,92
0,72.6458554,54.9640848,102,30,2,91
0,73.2594518,54.9434857,101,70,1,40
0,73.2551610,54.9425650,101,70,1,276
0,72.6264580,54.9714790,101,50,1,188
0,73.2936360,54.8420000,102,30,2,75
0,73.2651084,55.0311825,102,20,1,270
0,73.2854050,55.0334130,101,40,1,108
0,73.2866460,55.0331620,102,30,2,110
0,73.3107730,54.9832330,101,40,1,218
0,73.3094840,54.9824590,101,40,1,41
0,73.3048660,54.9801460,101,40,1,220
0,73.3012230,54.9777000,101,40,1,221
0,73.2990500,55.0102990,104,40,1,135
0,73.2320150,55.0289380,101,40,1,308
0,73.2374100,55.0285350,101,40,1,88
0,73.2603980,55.0289330,101,40,1,89
0,73.3015770,54.9757850,101,40,1,139
0,73.2978437,55.0122613,104,40,1,319
0,72.8920509,54.9699529,101,50,1,303
0,72.6884444,54.9903629,101,70,1,265
0,73.0498960,54.9539262,5,60,1,276
0,73.2952856,55.0125011,1,60,1,35
0,72.8733226,54.9742726,103,40,1,31
0,73.2307645,54.9907984,103,60,1,300
0,72.2136131,55.8629731,5,60,1,350
0,72.9001083,54.9670030,101,50,1,120
0,73.1166913,55.0178738,101,60,1,286
0,73.1568386,55.0130141,101,60,1,105
0,73.3393361,54.9518524,104,50,1,23
0,73.0962171,54.9515027,101,60,1,95
0,73.2716939,55.0291028,5,60,1,335
0,73.4147812,54.9594976,101,40,1,176
0,73.3620771,54.9695726,1,60,1,71
0,74.6115831,55.0030431,5,80,1,260
0,74.4053631,54.9973331,5,90,1,263
0,73.3443536,54.9692863,5,60,1,338
0,73.2964166,54.9894901,102,20,2,131
0,73.2787837,55.0263610,102,20,2,88
0,73.2771315,55.0263395,102,20,2,88
0,73.2815035,55.2024694,1,60,2,348
0,74.6150299,56.1122113,101,40,1,1
0,74.6139892,56.0874346,101,40,1,181
0,73.3131965,54.9422353,101,40,1,120
0,73.4274264,54.9806776,102,30,2,265
0,73.0470144,55.1055829,104,60,1,344
0,73.3860185,54.9880104,5,60,1,345
0,74.3590460,56.9105580,5,20,2,356
0,74.3804607,56.8998228,5,20,2,298
0,74.4040911,56.8789484,102,30,2,108
0,73.3039319,55.0591870,105,40,1,195
0,74.3756434,56.8982202,102,30,2,328
0,73.4370995,54.9321570,105,40,2,320
0,74.3298500,55.8698500,103,60,1,255
0,74.3642220,55.8772293,103,60,1,80
0,74.6267512,56.0952552,102,10,2,120
0,74.6229800,56.0963102,102,10,1,274
0,73.5843649,54.8048024,5,90,2,150
0,73.2530176,55.0310413,102,20,2,64
0,73.2507270,55.0308260,102,10,2,85
0,73.2518750,55.0308568,102,20,2,90
0,73.2545948,55.0337621,102,30,2,66
0,73.2553404,55.0339527,102,30,2,65
0,74.6136888,56.0809958,101,60,1,183
0,74.6378716,56.0954933,102,20,2,112
0,74.2114536,55.8432584,5,60,1,57
0,74.6130554,56.0712021,101,70,1,2
0,74.6124975,56.0666387,5,70,1,3
0,73.1502332,55.0315540,102,20,2,54
0,74.5997735,56.0573992,101,70,1,220
0,73.6920281,55.6723643,5,60,2,65
0,74.0523668,55.8015901,101,70,1,242
0,74.1200873,55.8210273,101,70,1,65
0,74.6121113,56.0664111,5,70,1,219
0,74.2109176,55.8431212,5,60,1,254
0,74.0659496,55.8072201,5,70,1,81
0,74.0657135,55.8071723,5,70,1,234
0,74.6235975,56.5518228,101,70,1,5
0,74.6206471,56.5378465,101,70,1,186
0,73.2315242,54.9938641,102,10,2,5
0,73.2659905,55.0540831,102,20,2,156
0,73.6111387,54.7707467,5,90,2,156
0,73.6146363,54.7650061,105,90,2,169
0,73.3845403,54.9875000,103,40,1,45
0,73.3859619,54.9780037,103,40,1,354
0,74.5597985,56.6460132,103,80,1,348
0,74.6487620,56.4042933,103,70,1,139
0,74.6750530,56.3020620,101,70,1,215
0,74.6893974,56.3228425,101,70,1,19
0,74.5967379,56.5880836,103,80,1,132
0,74.5614185,56.6077783,103,80,1,1
0,74.3273918,56.9104335,5,40,1,15
0,74.4206243,56.8756595,5,40,1,128
0,74.3852510,56.8896750,102,30,2,148
0,74.3943170,56.8814838,5,20,2,150
0,74.3770115,56.8970235,102,20,2,150
0,73.2314452,54.9934521,102,20,1,187
0,73.2977654,54.9712040,104,40,1,56
0,73.2932540,54.9713010,104,40,1,331
0,73.3635922,54.9054204,101,40,1,270
0,73.2081636,54.9986834,101,40,1,120
0,73.3176567,54.8001338,5,90,1,315
0,72.9575917,55.2711204,5,40,1,179
0,71.9209600,54.9382489,103,20,1,353
0,71.8990156,54.9391025,105,60,0,0
0,71.9403913,54.9417433,103,30,2,174
0,71.9079902,54.9435305,103,10,2,177
0,71.9192046,54.9477223,103,10,2,174
0,73.0927997,55.0319492,5,90,2,155
0,72.9122945,55.2252092,5,60,2,122
0,72.7054264,55.1527124,102,30,2,29
0,71.9216367,54.9236853,5,40,1,0
0,73.3724435,55.0186482,102,20,2,3
0,73.4995313,55.5965321,5,60,2,51
0,73.4485760,54.9708311,5,40,2,48
0,73.3998618,54.9428875,5,40,1,90
0,73.2957417,54.8667537,1,60,1,200
0,73.3773506,55.0150425,102,20,2,92
0,74.3707302,56.9024177,5,40,1,147
0,73.3808106,55.0283421,103,30,2,90
0,73.2488614,54.9906915,102,20,2,6
0,73.4888198,54.9585186,102,30,2,170
0,73.0316657,54.7147534,102,20,2,108
0,73.2892377,54.8521612,5,60,2,9
0,73.5867312,55.0091971,5,90,2,84
0,74.6145000,56.0979860,5,40,2,3
0,74.6138134,56.0874043,5,60,2,0
0,73.3276406,55.4925252,5,60,2,48
0,73.3419689,54.9552874,5,60,2,24
0,73.3907760,54.9823296,102,20,1,85
0,73.3060273,55.0266415,5,60,1,16
0,73.4426269,54.9689741,103,30,1,89
0,73.2857176,55.0559219,103,30,2,65
0,73.4857112,54.9677639,5,80,1,359
0,73.4690520,54.9817575,105,40,2,48
0,73.4818140,54.9856573,5,40,2,150
0,73.4855529,54.9747350,101,40,1,178
0,73.4854081,54.9776383,101,40,1,3
0,73.4882351,54.9601356,102,30,2,169
0,73.3207427,55.0160824,1,60,2,121
0,73.3439141,54.9876042,1,60,1,54
0,73.0994881,55.0998268,104,40,1,292
0,73.4255696,54.9805473,102,10,1,176
0,73.4252048,54.9825913,102,10,1,0
0,73.2651352,55.0311824,102,20,1,70
0,73.4258631,55.0656194,5,60,2,15
0,73.4041318,54.9831363,102,20,1,85
0,73.3457187,54.8857443,104,40,1,15
0,73.2800153,54.9795623,5,60,1,311
0,73.3854207,55.0006436,102,10,1,30
0,73.4090794,54.9929422,5,40,1,354
0,73.3189395,55.0617318,5,60,1,149
0,74.0583548,55.5317880,5,60,2,16
0,74.0354380,55.5153721,5,60,1,58
0,73.2645282,54.8875370,5,70,1,340
0,73.5608372,54.8253652,5,90,2,145
0,73.5148549,55.2504629,5,60,1,2
0,73.5050150,54.9692666,5,60,1,262
0,73.2726445,54.9900463,102,20,1,312
0,73.4105316,54.9592516,102,30,2,87
0,73.4290871,54.9513305,102,30,2,7
0,73.4164002,54.9192900,103,40,1,90
0,73.4313187,54.9197771,104,20,1,177
0,73.4091368,54.9348165,102,10,2,88
0,73.4348324,54.9431753,102,20,2,32
0,73.4801382,54.9552289,5,60,2,68
0,74.3644732,55.2548139,103,30,2,59
0,74.3787855,55.2587026,103,20,2,67
0,74.4655335,55.3017987,103,40,2,68
0,74.5100796,55.3121067,103,40,2,64
0,74.9333912,55.4319629,5,40,2,168
0,73.7156924,55.0135266,5,60,2,82
0,73.2671675,54.9681858,103,40,2,169
0,73.3837485,54.9620635,5,40,1,264
0,73.3936137,54.9509870,102,20,2,167
0,73.3398838,54.9760958,5,60,1,158
0,73.2917126,55.0290730,102,10,1,331
0,72.8936919,54.9693108,5,60,2,125
0,73.0850300,54.9512269,104,20,1,288
0,73.0793356,54.9522874,5,20,1,104
0,73.0873876,54.9510859,104,20,1,78
0,72.6179045,54.9526786,5,60,1,356
0,72.3910111,54.6245033,102,20,2,56
0,72.3959035,54.6265529,102,20,2,59
0,71.7786950,54.3664305,5,40,2,80
0,73.2558769,54.9909110,102,20,2,185
0,73.4303667,54.9758652,5,40,1,265
0,73.3000154,55.0528738,105,60,1,20
0,73.3232862,55.0497608,102,10,2,104
0,73.2920521,55.0289567,102,10,1,122
0,73.4036749,54.9494004,5,10,1,138
0,72.1966886,55.8946206,5,60,1,105
0,73.4556157,54.9232299,102,20,2,350
0,73.3287739,54.9459621,101,40,1,45
0,73.4055413,55.0006812,101,40,1,330
0,73.3416540,54.9867006,5,60,1,55
0,73.4109515,54.9440056,101,40,1,144
0,73.3228893,54.9351061,101,40,1,112
0,73.1514076,55.0316339,102,20,2,145
0,73.1466011,55.0300136,102,30,2,50
0,73.4775982,55.1003237,102,40,0,0
0,73.4736231,55.0964970,102,40,0,0
0,73.4712306,55.0942132,102,40,0,0
0,73.4688166,55.0918879,102,40,0,0
0,73.4654424,55.0886260,102,40,0,0
0,73.4002013,55.0083834,101,40,1,219
0,73.4030122,55.0109396,101,40,1,35
0,73.4020895,55.0303449,101,40,1,272
0,73.4073627,55.0295748,101,40,1,124
0,73.2754678,54.9293364,102,40,2,330
0,73.4446401,54.9308190,101,40,1,275
0,73.4004051,54.9437499,103,10,2,3
0,73.4002549,54.9420521,102,10,1,179
0,73.4002978,54.9423845,102,10,1,2
0,73.2489407,54.9913011,102,40,2,6
0,73.2483077,54.9946640,102,40,2,95
0,73.2556838,54.9941977,102,40,2,96
0,73.0289048,54.9492094,102,30,2,5
0,73.0284113,54.9519204,102,20,2,85
0,73.3740282,54.9864313,5,60,1,159
0,74.3773407,54.4993712,5,60,2,118
0,74.5812744,54.5988422,103,30,1,50
0,74.4894463,54.5548118,103,30,1,219
0,71.4735940,55.9870064,5,70,0,300
0,73.3025635,55.0183400,101,40,1,17
0,73.2962373,55.0131111,101,40,1,218
0,73.2619655,55.0414487,5,60,2,157
0,73.4731895,54.8654941,5,90,2,300
0,73.8849622,54.6617814,5,60,2,310
0,73.7895614,54.6695873,5,60,1,285
0,73.7906772,54.6694880,5,60,1,90
0,73.3387479,55.0222458,5,40,1,169
0,73.2502657,54.8934807,5,70,1,261
0,73.2510543,55.0287584,102,30,2,89
0,73.4163374,55.0677957,102,20,2,50
0,73.3779201,54.9489044,5,60,2,201
0,73.4391791,54.9723734,101,40,1,3
0,73.4391684,54.9710186,101,40,1,190
0,73.4334070,54.9700517,102,40,2,167
0,73.4337020,54.9694544,102,40,2,163
0,73.2542408,55.0313818,102,30,2,65
0,73.4430737,54.9715728,102,40,2,47
0,73.3139789,54.9891013,102,10,1,130
0,73.3131367,54.9894860,102,10,1,273
0,73.3818656,55.0180720,102,20,2,4
0,73.4084731,54.9567747,102,20,2,81
0,72.9383358,55.2137244,5,60,2,140
0,73.2213541,54.9939966,102,30,2,120
0,73.2175427,54.9952923,102,30,2,120
0,73.3999062,54.9676638,102,40,1,174
0,73.3794141,54.9618633,5,60,2,0
0,73.4331924,54.9675483,5,60,1,264
0,73.3152610,55.0177200,5,60,1,120
0,73.4688041,54.9727711,101,40,1,93
0,73.4626913,54.9760804,101,40,1,320
0,73.1500798,55.0137455,5,60,2,101
0,73.4193204,55.0191384,102,40,2,95
0,73.3499854,54.9542893,102,30,2,180
0,73.2795367,54.9866375,102,30,2,130
0,73.4348166,54.8831474,5,60,2,130
0,73.3875092,54.9494959,5,40,1,7
0,73.0191988,55.2717531,104,30,1,14
0,73.0217523,55.2694228,104,30,1,195
0,73.4046322,54.9535835,102,30,1,182
0,73.5533205,54.9286638,104,30,1,80
0,73.3478352,54.9667755,5,60,1,71
0,73.3970765,55.0258189,102,20,1,271
0,73.3795160,55.0260387,102,40,1,273
0,73.3548438,54.9919190,5,60,1,235
0,73.2608700,54.9880300,5,60,1,274
0,73.3795148,54.9540685,5,60,2,180
0,73.3793003,54.9677402,5,60,1,342
0,73.3024830,55.0242076,102,30,2,33
0,73.2457597,55.0287153,102,30,2,89
0,73.2954519,55.0124703,1,60,1,218
0,73.2768840,55.0289690,102,30,1,269
0,73.2846946,55.0473083,102,30,2,269
0,73.2785309,55.0364905,102,30,1,269
0,73.4548486,55.0334670,102,30,2,94
0,73.3261400,55.0327167,5,40,2,118
0,73.4428430,54.9631969,102,10,2,12
0,73.4246500,54.9669730,5,60,1,265
0,73.4876330,54.9620090,102,40,2,170
0,73.4867550,54.9647290,102,40,2,170
0,73.4344550,54.9676720,101,40,1,82
0,73.3677970,54.9988288,102,40,1,91
0,73.4570310,54.9099620,101,40,1,0
0,73.4422279,54.9615680,102,20,2,13
0,73.4384728,54.9312478,101,40,1,320
0,73.4465301,54.9249350,101,40,1,145
0,73.2941508,54.9906583,102,20,2,132
0,73.3312189,54.9819681,104,40,1,241
0,73.4075117,54.9817573,102,20,2,173
0,73.3112097,54.9082233,102,40,2,18
0,73.3098739,54.9170670,102,20,1,11
0,73.3789730,54.9725490,101,40,1,263
0,73.3122236,54.9286338,102,40,1,7
0,73.3620235,54.9695611,1,60,1,251
0,73.3281827,54.9506824,102,40,1,46
0,73.3313692,54.9496254,102,20,2,133
0,73.3382356,54.9457804,102,20,1,314
0,73.3386648,54.9455432,102,20,1,132
0,73.3032247,55.0187599,5,40,1,217
0,73.3105874,55.0357590,5,60,1,195
0,73.5225302,54.9411293,102,40,2,81
0,73.5236594,54.9412233,102,40,2,81
0,73.2229516,54.9958242,5,40,1,91
0,73.2889608,55.0356406,102,40,1,21
0,73.2886443,55.0346584,102,40,1,202
0,73.3484172,54.9982597,102,20,2,56
0,73.4045410,54.9536020,102,40,1,333
0,73.3984698,54.9881429,102,40,2,84
0,73.3955920,54.9677310,102,40,2,174
0,73.3901980,54.9510500,102,40,2,346
0,73.3899143,54.9822708,102,30,1,84
0,73.3667140,54.9988188,102,40,1,269
0,73.3531500,54.9988300,102,30,2,146
0,73.3499450,54.9525830,5,40,1,179
0,73.3300020,54.9318390,102,40,1,293
0,73.3250730,54.9273530,102,40,2,97
0,73.3210980,54.9280740,102,40,1,194
0,73.3190230,54.9221760,5,40,1,190
0,73.3173428,54.9222823,103,20,2,279
0,73.2996370,54.9767000,102,40,2,133
0,73.2815930,54.9490810,102,40,2,300
0,73.2787320,55.0292210,102,40,1,90
0,73.2779755,55.0263571,102,40,2,269
0,73.2772596,55.0413337,102,40,2,246
0,73.2734220,55.0403590,102,40,2,245
0,72.8253020,55.4273560,5,90,2,174
//© 2009-2015 mapcam.info
//Распространение, а также коммерческое использование базы данных или ее части без согласования с администрацией проекта MapCam.info запрещено.
